nVenn v1.1
7
A
B
C
d
e
f
g
0
515
6946
186
7352
88
7328
84
515
6946
186
7352
88
7328
84
1
515
6946
186
7352
88
7328
84
1
515
6946
186
7352
88
7328
84
1
515
6946
186
7352
88
7328
84
1
515
6946
186
7352
88
7328
84
1
515
6946
186
7352
88
7328
84
1
515
6946
186
7352
88
7328
84
1
515
6946
186
7352
88
7328
84
1
515
6946
186
7352
88
7328
84
1
515
6946
186
7352
88
7328
84
1
515
6946
186
7352
88
7328
84
1
515
6946
186
7352
88
7328
84
1
515
6946
186
7352
88
7328
84
1
515
6946
186
7352
88
7328
84
1
515
6946
186
7352
88
7328
84
1
